100
0 92 14 46 15 23 14 94 16 85 18 72 13 18 11 76 6 68 5 54 10 25 13 57 17 
80 92 5 48 7 46 14 51 13 71 9 18 6 1 14 27 9 83 19 57 8 
2 0 5 70 16 51 13 18 5 11 14 76 13 68 17 40 19 12 7 82 14 26 14 61 8 
92 51 15 71 19 72 8 28 18 13 13 68 14 27 15 10 12 
3 80 18 2 15 58 7 88 10 81 9 23 17 66 7 56 19 78 17 85 10 20 15 28 18 55 11 76 13 54 18 1 13 25 8 
48 81 19 21 17 66 17 89 6 44 15 72 9 11 17 65 9 12 11 82 13 26 6 61 9 83 6 25 11 
46 2 10 21 19 56 9 51 17 85 6 13 6 7 7 65 15 62 19 40 13 10 17 25 14 
58 80 7 48 14 88 18 64 18 70 8 51 19 85 17 71 17 55 6 76 12 54 18 82 19 26 14 
88 2 18 48 11 23 18 66 14 56 8 85 19 13 13 11 9 54 6 40 16 27 19 83 18 
81 0 8 92 10 58 12 88 9 64 19 23 11 94 12 56 17 76 15 68 19 65 11 39 6 62 14 40 12 12 18 82 14 10 5 
21 92 10 81 14 66 16 85 15 55 5 13 9 7 10 69 8 65 16 62 14 40 10 12 12 82 18 
5 3 17 81 7 55 19 11 10 68 16 7 6 69 19 62 17 82 8 
64 0 10 2 18 92 13 70 6 56 6 78 10 7 5 12 16 26 17 83 12 57 13 
23 2 7 92 18 46 18 89 17 94 7 78 6 72 6 18 16 55 10 65 9 54 5 39 8 1 18 12 18 
66 5 19 18 11 28 10 55 18 11 13 76 16 68 5 7 10 69 19 27 9 82 7 
89 2 6 21 17 66 17 70 16 78 17 20 17 18 16 54 7 39 11 
70 0 13 48 12 88 8 21 16 94 5 56 13 20 10 18 14 55 14 69 5 54 13 82 6 26 11 
94 92 13 3 11 46 15 89 19 56 14 51 9 28 11 7 18 39 8 27 18 26 16 83 13 
56 58 8 89 6 28 15 13 15 7 14 65 6 1 18 
51 89 12 78 14 85 15 72 15 18 7 55 8 11 16 62 12 1 12 40 5 26 12 
78 2 12 48 19 46 14 58 8 81 14 5 5 70 12 40 16 25 5 57 12 
85 89 8 78 6 72 14 62 15 
71 3 16 88 8 5 11 70 11 85 7 72 11 13 18 69 6 54 11 12 5 82 15 26 18 25 17 
44 80 10 2 12 66 6 85 10 28 18 40 14 26 19 10 8 
20 21 15 85 12 76 6 69 9 39 13 62 6 1 17 12 6 26 10 83 14 57 10 
72 88 16 28 15 62 16 57 17 
18 48 18 5 13 64 19 78 11 71 12 1 10 27 18 12 11 26 17 83 6 
28 88 6 64 18 89 18 70 16 51 19 20 16 55 10 68 9 54 5 39 12 40 19 26 17 25 10 
55 80 18 92 17 89 7 18 15 13 19 11 17 68 18 7 18 39 12 62 10 40 16 27 12 12 13 
13 0 11 48 7 70 11 18 11 69 13 
11 0 13 92 9 3 5 58 10 64 16 89 14 70 13 78 17 20 5 39 7 62 12 27 10 82 11 
76 89 10 51 11 71 15 72 17 27 7 82 11 61 18 10 6 
68 89 5 56 17 20 18 83 7 
7 80 8 51 17 78 16 85 19 44 9 13 9 68 7 65 17 12 17 10 7 
69 92 12 48 13 58 15 88 7 64 18 23 6 94 19 78 13 44 12 7 15 62 11 40 18 
65 3 13 44 9 68 15 39 9 12 16 26 13 
54 80 18 2 13 92 6 20 9 72 18 18 6 13 14 69 7 65 7 62 15 12 6 26 15 61 16 83 17 10 9 57 12 
39 64 18 70 14 13 14 62 12 82 15 83 7 
62 88 8 56 15 28 6 26 16 10 14 25 16 
1 92 17 48 5 58 5 88 13 64 10 66 16 13 8 27 14 10 9 57 18 
40 80 8 3 6 66 11 94 5 85 7 20 11 13 10 76 8 39 17 27 10 61 16 83 13 10 10 
27 48 17 81 15 5 11 64 9 71 11 28 11 7 8 54 14 62 14 83 7 
12 46 9 56 17 85 5 72 17 62 8 27 17 61 17 10 17 25 16 57 19 63 15 
82 80 16 92 8 18 16 1 7 40 11 
26 46 14 89 19 76 15 39 16 
61 0 6 21 16 23 14 66 19 89 12 70 5 56 18 51 10 55 7 13 16 39 13 62 17 1 6 57 15 
83 23 7 51 5 78 11 55 13 11 19 65 9 62 7 25 6 
10 80 10 2 6 3 17 64 5 28 5 55 14 68 14 82 6 25 19 
25 21 7 66 6 70 8 20 7 11 13 68 19 54 15 31 7 
57 2 10 88 11 5 14 68 13 65 6 40 7 26 11 83 17 25 6 
42 31 15 22 14 50 17 84 17 86 10 6 12 
31 59 14 96 8 50 7 95 7 33 11 87 10 86 19 52 12 29 9 79 17 41 6 43 7 16 7 
75 90 8 37 16 95 11 33 19 17 11 8 19 86 12 36 9 9 18 
22 31 5 50 9 17 18 91 17 36 8 32 10 98 14 49 7 
73 37 5 14 17 17 13 52 19 32 9 98 15 97 6 41 5 30 17 93 11 16 15 9 15 
63 31 17 19 14 37 10 38 17 24 14 29 5 98 11 97 15 34 7 
59 22 8 19 8 37 12 50 6 86 16 36 10 79 9 97 19 49 5 77 11 15 6 53 14 16 13 99 17 
96 75 7 22 19 63 16 14 15 95 9 38 10 17 6 84 5 87 5 8 18 32 6 97 19 34 18 47 17 15 17 93 11 
19 31 16 22 17 73 10 50 14 95 13 17 7 84 8 34 16 49 17 74 8 93 15 9 9 
90 42 13 31 5 73 6 63 12 19 5 14 7 91 17 8 18 45 16 77 19 16 16 
67 75 11 63 5 50 9 38 8 17 18 86 5 24 19 98 14 97 6 77 18 53 5 93 8 99 19 
37 14 19 87 13 24 6 29 9 32 14 98 8 53 14 9 11 
14 42 19 75 11 63 12 19 5 50 15 87 19 45 13 35 19 9 15 
50 60 19 87 8 52 16 45 10 79 8 97 16 35 11 53 14 74 6 30 17 9 14 99 9 
60 42 10 33 6 38 17 87 5 32 11 97 18 6 17 35 13 77 14 74 11 
95 59 11 67 7 37 17 50 15 33 17 91 10 45 16 32 5 79 5 98 15 34 9 53 8 43 17 9 12 99 10 
33 96 12 14 5 84 8 87 15 8 9 52 17 32 10 79 13 35 11 41 5 15 7 99 13 
4 73 5 96 8 19 9 67 11 37 11 60 17 91 19 86 5 36 17 52 6 79 15 98 9 97 17 77 12 30 8 16 8 9 10 
38 19 10 90 11 24 15 49 14 53 19 
17 90 13 14 9 33 7 8 10 24 7 97 18 49 14 
91 73 12 96 16 19 18 17 7 36 15 24 13 47 6 30 19 16 6 9 6 
84 22 16 95 11 86 18 29 11 45 19 32 5 79 14 98 11 47 16 74 12 30 14 93 12 9 17 
87 22 19 73 9 59 18 19 17 90 7 91 13 52 6 45 8 6 10 35 7 49 11 41 17 77 9 53 14 74 14 
8 42 15 59 12 37 9 4 15 36 7 24 6 97 7 41 10 77 5 47 7 53 16 43 6 16 6 
86 22 13 96 8 60 11 38 18 91 13 32 10 35 19 47 5 15 19 53 12 43 18 16 15 
36 67 16 84 13 52 14 24 5 34 18 30 6 9 15 
52 19 10 60 8 29 6 79 12 47 5 53 14 30 9 
24 96 5 90 16 33 18 79 19 97 10 34 8 
29 19 9 90 9 24 9 6 9 49 16 77 6 47 5 15 16 93 17 9 13 
45 31 7 75 7 96 6 91 6 52 19 24 14 79 13 6 16 34 8 47 13 53 18 
32 63 11 90 16 14 12 29 16 45 5 47 18 74 19 
79 42 10 63 10 19 13 90 13 91 12 8 13 49 11 41 14 30 14 99 7 
98 59 18 90 13 50 16 33 11 91 11 24 17 34 5 49 14 47 9 74 6 30 18 43 14 
97 31 18 75 8 22 10 19 15 37 8 79 14 49 17 47 5 53 18 99 13 
6 14 15 95 13 34 5 15 12 93 10 16 10 
35 42 6 59 9 79 9 
34 42 9 31 17 59 15 14 8 84 14 8 16 32 15 97 5 47 8 15 19 30 19 
49 95 12 33 14 4 8 8 16 41 19 53 15 43 18 99 13 
41 75 15 63 18 59 9 67 14 4 19 38 18 91 10 84 19 52 5 24 9 97 18 47 8 53 7 74 8 30 13 43 12 93 9 
77 96 13 37 9 33 18 17 11 91 19 36 16 32 12 35 10 43 19 93 18 
47 75 12 63 7 14 18 95 16 53 15 74 16 30 16 9 9 
15 37 5 50 7 4 15 41 13 30 6 16 13 
53 75 17 63 14 33 15 91 11 32 12 79 16 6 13 77 12 93 8 16 8 99 6 
74 22 13 63 8 59 17 95 7 4 19 38 8 91 16 29 10 30 8 43 16 16 16 9 14 
30 31 9 22 10 38 19 17 14 86 8 29 11 43 18 93 5 99 19 
43 75 7 73 8 67 14 50 10 60 9 84 17 29 8 35 14 16 10 
93 22 14 14 13 4 9 38 9 91 18 8 13 43 15 99 9 
16 63 17 95 7 38 12 84 6 79 18 35 15 77 14 
9 60 8 33 12 17 8 41 6 30 9 16 8 99 5 
99 42 19 37 7 38 8 17 9 87 13 52 17 43 12 
