   0   1   2  10  20
   1   2   4
   2   3   4
   3   0   1
   4   0   3   6
   5   6   7
   6   7   9   4
   7   8   9
   8   5   6
   9   5   8  
  10  11  12 20 40
  11  12  14
  12  13  14
  13  10  11
  14  10  13  16
  15  16  17
  16  17  19  14
  17  18  19
  18  15  16
  19  15  18
  20  21  22 30 40
  21  22  24
  22  23  24
  23  20  21
  24  20  23  26
  25  26  27
  26  27  29  24
  27  28  29
  28  25  26
  29  25  28
  30  31  32  0 10
  31  32  34
  32  33  34
  33  30  31
  34  30  33  36
  35  36  37
  36  37  39  34
  37  38  39
  38  35  36
  39  35  38
  40  41  42   0 30 60
  41  42  44
  42  43  44
  43  40  41
  44  40  43  46
  45  46  47
  46  47  49  44
  47  48  49
  48  45  46
  49  45  48
  50  51  52 60 70
  51  52  54
  52  53  54
  53  50  51
  54  50  53  56
  55  56  57
  56  57  59  54
  57  58  59
  58  55  56
  59  55  58
  60  61  62 70 90 40
  61  62  64
  62  63  64
  63  60  61
  64  60  63  66
  65  66  67
  66  67  69  64
  67  68  69
  68  65  66
  69  65  68
  70  71  72 80 90
  71  72  74
  72  73  74
  73  70  71
  74  70  73  76
  75  76  77
  76  77  79  74
  77  78  79
  78  75  76
  79  75  78 
  80  81  82 50 60
  81  82  84
  82  83  84
  83  80  81
  84  80  83  86
  85  86  87
  86  87  89  84
  87  88  89
  88  85  86
  89  85  88
  90  91  92 50 80
  91  92  94
  92  93  94
  93  90  91
  94  90  93  96
  95  96  97
  96  97  99  94
  97  98  99
  98  95  96
  99  95  98
