397.2494     204.0564
399.0927     245.7974
375.8121     295.3134
340.3170     338.5171
313.5651     369.6730
260.6411     384.6494
208.5188     398.7632
163.0483     394.1319
119.2140     387.0723
76.2607     352.6056
39.8635     319.8147
8.0842     273.5640
-1.4554     226.3238
8.6748     173.7644
20.8444     124.1080
34.3564      87.0327
72.7005      46.8978
117.8008      12.5129
162.9027       5.9481
210.7204       2.7835
266.0091      10.9997
309.2761      27.5857
351.2311      61.9199
377.3673     108.9847
390.0396     148.6748
